      1000       0.011083           0.003268
     11000       0.155381           0.030733
     21000        0.22628           0.053504
     31000       0.293246           0.080043
     41000       0.392991           0.112302
     51000        0.45616           0.138641
     61000       0.540593           0.171132
     71000       0.632644           0.202946
     81000         0.7136           0.226261
     91000       0.804828           0.248281
    101000       0.917951           0.281807
    111000        1.02468           0.307181
    121000        1.09244           0.339332
    131000        1.17573           0.359453
    141000         1.3708           0.405378
    151000        1.46455           0.432499
    161000        2.28191           0.622597
    171000        1.81101           0.495974
    181000        1.74209           0.512741
    191000        1.89966           0.719753
    201000        1.91169           0.561621
    211000        2.34744           0.729858
    221000        2.17629           0.692543
    231000         2.2435           0.707256
    241000        2.47236           0.745433
    251000        2.64642           0.948694
    261000        2.59076           0.823708
    271000        3.44054           0.870026
    281000        2.75963           0.884391
    291000        2.85897           0.993667
    301000         3.0563           0.950993
    311000         3.0671           0.959132
    321000        3.75339             1.4745
    331000        4.21939            1.55706
    341000        3.09408           0.968227
    351000        3.56044           0.996171
    361000        3.41363            1.00111
    371000        3.60108            1.26167
    381000         3.6359            1.09192
    391000        4.11378            1.03986
    401000        3.96951            1.32062
    411000        3.99152            1.18661
    421000        4.48553            1.21698
    431000        4.25286            1.51277
    441000        4.22425            1.23771
    451000        4.34442            1.75475
    461000         5.9173            1.57797
    471000        4.35466            1.58749
    481000        4.82624            1.52288
    491000         4.7953            1.45344
    501000        4.87002            1.49152
    511000        4.96083            1.48319
    521000        5.50633            1.96764
    531000        5.19215            1.50804
    541000        5.53372            1.91935
    551000        6.15775            1.66088
    561000        5.38382            1.58983
    571000        6.12741            1.71429
    581000        5.61549            1.63867
    591000        5.65956            1.65211
    601000        7.25584            1.76613
    611000        5.86183             1.7095
    621000        6.04406            1.96213
    631000        6.09775            2.02758
    641000        6.09173            2.15399
    651000        6.18635            2.16549
    661000        6.29458            2.17464
    671000        6.66251            2.06328
    681000        6.79053            1.87122
    691000        6.80019            1.92695
    701000        6.90552            1.93082
    711000        6.94735            1.97141
    721000        7.06178            2.00058
    731000         6.9828            2.02257
    741000         7.0627              2.032
    751000        9.31991            2.14555
    761000        7.30869            2.28204
    771000        7.19627            2.02766
    781000        7.04551            2.19873
    791000        7.30095            2.71921
    801000        9.93942            2.38168
    811000        7.75765            2.23345
    821000        9.17065            3.17012
    831000         8.1522             2.5043
    841000        8.19634            2.48144
    851000        8.68998            2.56733
    861000        8.28732            2.59313
    871000        8.55427            2.61293
    881000        8.56326            2.71875
    891000        8.66815            2.74691
    901000        9.00738            2.73246
    911000        8.87136            2.71228
    921000        8.94912            2.71361
    931000        9.00647            2.69364
    941000        9.08691            3.05811
    951000        9.22029            2.74258
    961000        9.30176            2.79668
    971000        9.41676            2.85224
    981000        9.51026             2.9378
    991000        9.64483            3.02477
   1001000        9.88228            3.48922